[GPS]
MapCoordinates=-14.0094983494893, 80.1233232234234
MarkerCoordinates=-14.0094983494893, 80.1233232234234
ardusubCoordinates=false

[KEYBOARD]
forward=700
backward=-700
leftward=-700
rightward=700
upward=900
downward=100
turnLeft=-700
turnRight=700
turnLeftM=-300
turnRightM=300

[SONAR]
WarnDistance=1
MinDistance=0.5
AlarmSetting=5
ConfidenceSetting=90

[MISC]
IdleSetting=180
